A[194, 200]
H[73]
I[262, 292]
N[64]
S[129, 137]
T[0, 30, 93, 158, 233]
 [4, 7, 10, 17, 23, 29, 33, 40, 47, 50, 53, 60, 63, 72, 75, 78, 83, 86, 92, 96, 105, 112, 115, 118, 125, 128, 136, 140, 143, 148, 151, 157, 161, 166, 170, 177, 180, 183, 186, 193, 199, 204, 208, 210, 217, 220, 224, 232, 236, 245, 252, 255, 261, 263, 268, 270, 277, 280, 283, 291, 293, 298, 301]
a[12, 19, 55, 69, 120, 130, 138, 172, 181, 197, 203, 206, 226, 239, 247, 265, 285, 303]
![28, 308]
b[79, 109, 144, 167]
c[20]
d[36]
e[27, 32, 37, 42, 74, 95, 102, 107, 110, 133, 160, 191, 212, 216, 222, 235, 242, 259, 267, 272, 276, 297]
f[11, 18, 24, 54, 119, 171, 225, 246, 284, 302]
g[101, 169]
h[1, 31, 94, 159, 205, 221, 234, 264]
i[2, 5, 14, 25, 48, 57, 61, 65, 70, 76, 84, 113, 122, 126, 141, 149, 168, 174, 178, 188, 218, 228, 249, 253, 257, 278, 287, 305]
k[66]
l[15, 26, 35, 58, 68, 123, 134, 175, 215, 229, 240, 241, 250, 275, 288, 294, 306]
m[8, 13, 51, 56, 106, 108, 116, 121, 131, 139, 162, 173, 184, 227, 238, 248, 256, 281, 286, 299, 304]
n[46, 49, 82, 85, 100, 114, 147, 150, 195, 196, 201, 202, 219, 258, 279]
.[71, 91, 135, 156, 198, 231, 260, 290]
o[34, 45, 67, 80, 98, 145, 163, 213, 273, 295]
p[41, 211, 214, 271, 274]
0[153]
1[87]
r[43, 81, 111, 146, 192, 223]
2[89, 152, 154, 155, 269]
s[3, 6, 22, 38, 44, 62, 77, 103, 127, 142, 164, 179, 187, 189, 207, 237, 243, 254]
t[21, 39, 104, 165, 182, 190, 244]
u[99, 132]
6[90]
v[266, 296]
8[209]
y[9, 16, 52, 59, 97, 117, 124, 176, 185, 230, 251, 282, 289, 300, 307]
9[88]
